1 2 4 6 7 8 9 11 12 15 17 18 20 24 29 30 32 35 37 39 42 43 47 48 51 53 55 56 57 58 59 70 71 75 76 77 79 80 82 83 87 88 91 93 94 96 97 99 100 102 106 107 108 110 112 113 114 115 119 
0 1 2 3 6 7 8 13 20 22 28 29 30 31 37 38 39 40 42 44 46 48 53 54 57 58 59 63 64 65 66 69 70 72 73 75 76 78 79 80 83 84 86 89 91 96 97 98 99 100 101 102 103 104 105 106 107 108 111 112 116 117 119 
2 29 40 45 56 63 84 86 98 103 112 117 118 
5 8 11 16 29 35 63 71 87 95 96 115 116 117 
0 8 10 12 13 14 16 17 19 23 24 25 27 28 29 32 33 34 35 36 41 44 45 46 47 48 51 52 53 54 57 59 61 63 65 67 68 69 72 73 74 75 76 77 78 79 80 81 82 83 84 85 86 88 90 91 92 93 95 96 100 101 103 104 106 108 109 110 111 112 113 114 115 116 
1 6 11 30 33 38 42 43 69 71 77 86 91 92 96 100 
0 4 6 7 10 12 15 18 21 23 26 27 29 30 33 34 35 37 39 40 41 45 49 50 51 52 60 63 66 67 68 69 70 71 72 74 76 78 80 84 85 89 96 98 100 104 106 109 110 113 114 115 116 117 
0 4 7 10 11 14 15 18 23 24 28 37 38 42 43 45 47 51 55 56 57 60 62 63 68 76 83 88 89 91 94 99 102 107 110 111 118 
0 1 2 4 5 7 8 9 11 13 15 19 20 22 24 25 28 30 31 32 34 36 40 41 43 46 47 48 49 50 51 52 54 55 56 57 58 59 60 62 65 66 68 71 72 74 75 76 77 78 79 82 85 86 87 90 93 94 95 100 101 103 104 105 106 108 110 112 113 114 115 116 118 119 
12 22 24 28 29 36 40 44 47 51 54 55 67 73 92 93 95 97 100 102 105 107 110 112 113 116 119 
0 1 4 7 8 10 17 24 26 28 36 37 46 47 48 49 50 51 57 58 59 63 66 77 86 87 95 96 101 103 106 107 108 111 115 119 
0 2 3 4 5 6 8 9 11 12 14 15 16 17 18 19 20 21 24 26 29 30 32 33 35 36 37 38 41 42 47 51 52 54 55 57 58 61 62 63 64 67 68 69 70 71 72 73 75 76 77 79 82 86 87 88 89 91 92 93 95 96 99 100 104 105 106 107 108 109 110 111 112 113 114 115 117 
0 1 2 3 8 9 11 12 13 17 18 19 20 21 22 25 27 28 29 30 31 33 34 35 37 39 40 42 43 45 46 48 51 54 58 60 67 68 69 70 71 72 76 77 78 80 81 82 84 85 87 88 89 92 93 94 95 98 100 103 104 105 106 107 109 110 112 114 115 116 119 
0 2 3 4 5 6 7 12 13 15 16 17 18 20 21 23 25 26 27 29 31 34 36 40 42 45 46 50 53 54 56 60 65 66 67 70 71 75 76 77 81 83 88 89 91 94 95 96 98 100 102 104 105 107 108 109 111 112 115 117 118 119 
0 8 13 14 18 24 25 30 31 34 36 37 40 47 51 57 60 66 72 84 91 99 102 109 110 112 115 116 119 
4 8 11 14 15 16 20 22 25 27 34 36 41 43 46 48 53 54 55 57 61 62 67 68 70 72 75 76 77 80 87 91 92 93 95 96 106 107 109 110 112 113 116 117 
3 4 12 14 15 19 21 23 26 27 32 37 44 47 50 51 52 55 57 58 59 66 68 72 77 81 83 89 97 100 103 104 106 107 110 
0 2 4 5 7 9 12 14 15 18 19 20 25 26 27 32 33 34 37 38 39 40 41 43 44 45 49 52 55 56 57 58 63 64 65 67 72 75 76 80 85 86 87 89 90 92 93 94 95 97 98 99 101 102 103 105 107 108 109 111 112 117 
0 1 3 4 5 6 9 12 14 15 18 20 21 23 25 26 27 28 31 33 34 36 37 38 39 40 45 48 49 52 54 55 56 57 61 62 65 66 68 69 71 73 74 76 77 79 80 81 82 84 87 91 92 95 96 97 99 100 101 103 106 107 108 109 111 112 113 114 115 117 118 
0 5 10 11 16 20 21 25 33 36 37 41 42 50 52 58 66 71 75 83 91 93 96 102 104 107 108 112 114 
3 26 40 50 105 
0 1 2 4 5 8 9 10 12 13 14 15 17 18 22 23 24 25 27 31 33 35 38 39 41 42 43 44 45 46 49 50 56 58 59 60 62 63 65 68 69 70 73 74 76 77 80 83 85 86 87 88 89 90 92 93 94 96 99 103 104 105 106 108 109 110 112 114 115 117 118 119 
17 36 45 50 52 53 59 63 67 68 69 71 73 75 76 81 86 92 113 
0 1 3 4 12 13 16 18 19 20 22 24 25 29 30 33 34 35 36 39 43 45 46 47 48 49 50 52 55 59 60 62 66 67 68 69 72 73 78 81 83 86 89 91 95 96 98 100 102 103 104 105 107 110 112 114 116 
0 4 8 9 10 12 13 16 18 19 26 30 32 34 35 36 37 39 40 41 42 43 44 45 47 48 50 51 57 59 61 66 69 72 74 76 79 80 81 83 84 85 88 89 91 96 97 98 99 106 109 110 111 115 117 119 
1 3 5 6 11 12 13 14 17 18 21 25 31 33 34 35 36 37 38 40 42 43 44 45 47 48 51 57 58 59 61 63 65 67 69 72 73 78 82 86 88 91 95 96 97 98 99 101 103 104 105 109 111 115 116 118 
3 4 5 13 16 21 22 23 24 25 26 27 29 30 31 33 34 37 39 40 42 47 48 50 52 53 54 57 58 59 62 63 65 66 68 69 70 71 72 73 74 75 77 78 79 81 83 84 85 86 88 89 93 97 98 99 102 103 105 108 112 113 114 116 117 118 119 
1 7 13 19 23 27 28 31 32 34 38 39 43 44 45 46 47 52 53 56 57 60 67 69 74 78 81 82 87 89 96 99 100 101 102 104 105 106 110 111 
3 5 6 7 9 13 14 15 17 19 20 25 26 28 31 33 35 36 42 44 45 49 51 52 57 58 60 61 62 63 65 67 69 70 71 73 74 75 77 80 84 88 89 90 92 93 96 97 99 103 107 108 115 116 117 118 119 
4 9 14 28 30 33 36 38 39 50 60 62 65 82 89 93 94 97 106 107 110 
0 4 5 7 9 12 16 17 19 20 23 24 25 26 29 31 33 34 37 40 41 42 43 44 45 46 47 48 49 50 51 53 55 56 57 59 61 63 66 67 69 71 73 74 76 81 84 86 88 90 91 93 96 99 100 101 106 113 114 115 116 117 118 
0 3 4 5 6 7 9 12 14 18 21 23 24 25 26 27 33 34 37 39 40 43 44 46 50 51 52 53 54 62 63 66 67 68 69 70 72 73 74 76 80 81 83 84 85 86 87 89 90 92 95 96 97 98 99 100 102 103 104 105 106 109 111 112 113 118 
0 1 2 4 7 8 9 11 12 13 14 21 22 23 24 26 27 28 32 33 35 38 39 40 41 42 43 47 48 49 50 51 56 58 59 60 62 66 68 69 71 72 73 74 75 78 79 81 87 89 90 92 93 94 95 96 98 101 102 103 105 108 110 114 
2 3 4 6 7 9 10 11 14 16 17 18 19 22 25 26 28 30 37 38 39 40 43 44 45 46 47 49 50 51 54 55 57 59 60 61 62 64 65 66 67 69 70 74 75 76 77 79 81 82 87 88 90 93 94 96 98 99 100 102 103 108 111 114 117 119 
0 1 5 6 7 9 15 17 20 22 23 24 25 26 27 28 29 33 35 36 37 38 39 42 49 50 52 53 55 56 59 60 66 68 70 71 72 73 74 75 76 77 78 81 86 87 88 89 91 95 96 100 101 105 106 118 
1 2 4 5 6 7 11 13 16 26 27 29 32 34 35 36 37 38 42 45 49 51 52 54 55 57 60 61 67 69 70 73 74 77 80 81 82 87 88 95 100 101 102 103 107 108 109 112 115 119 
1 3 4 5 7 8 10 12 15 17 19 25 26 27 29 30 31 36 38 39 40 44 45 51 54 55 57 59 62 63 64 66 67 68 69 70 71 72 73 74 75 77 79 80 81 82 85 86 87 89 91 93 94 96 98 100 101 102 105 107 110 114 115 116 117 
1 2 3 7 8 11 12 15 18 22 23 24 25 27 28 29 31 34 35 37 38 39 42 43 45 46 47 48 49 51 52 53 55 57 58 59 60 62 65 67 71 74 75 77 78 80 81 82 83 87 90 91 93 94 97 98 99 100 107 109 111 113 116 118 119 
0 2 4 6 7 10 12 16 18 19 20 21 23 25 27 29 31 32 33 36 37 40 41 42 43 44 46 47 48 55 56 57 58 59 60 61 62 66 68 71 72 75 77 78 79 80 83 85 86 87 88 89 91 93 95 96 97 99 102 103 104 107 108 109 110 111 113 114 115 
2 5 12 15 19 24 25 26 30 34 35 40 42 43 44 48 53 56 59 61 65 66 71 72 85 87 93 96 98 100 101 104 110 111 112 115 116 119 
7 14 28 49 61 66 68 82 90 96 100 101 106 113 117 119 
1 3 6 7 8 9 11 15 18 19 20 21 26 27 29 31 32 33 34 37 39 40 41 43 45 46 48 49 50 51 56 59 60 61 62 64 66 69 73 74 76 77 78 80 81 82 83 84 85 86 88 90 92 93 94 95 96 97 99 100 101 102 103 104 108 109 110 111 113 114 115 117 119 
1 4 5 6 10 12 13 14 16 17 19 20 21 25 30 32 34 47 51 53 54 57 58 61 64 65 68 75 77 87 88 94 98 99 101 105 108 113 115 116 
2 3 4 6 10 16 17 18 19 21 22 26 27 30 41 47 52 59 69 70 73 74 75 77 79 81 84 87 90 91 93 94 99 101 102 105 106 108 112 117 118 
0 3 6 8 9 17 18 21 23 29 32 36 41 42 44 45 47 48 49 50 55 60 65 68 75 80 97 104 115 116 
0 1 3 4 6 7 8 9 10 11 12 13 14 16 19 20 21 22 24 26 27 28 29 30 31 34 35 37 38 39 41 42 45 46 48 49 50 53 54 56 58 60 62 66 67 69 71 73 74 75 76 80 81 82 86 89 90 91 92 95 97 99 102 105 107 109 112 113 114 115 117 118 119 
7 12 15 17 20 21 27 29 35 36 37 39 40 46 47 51 54 55 56 57 59 60 67 70 73 79 80 84 86 90 92 93 96 98 99 101 103 106 107 108 113 114 116 
0 1 2 3 4 5 6 7 8 9 12 13 14 15 16 20 21 22 24 25 27 28 29 30 31 32 34 35 37 40 43 44 50 51 52 53 54 55 56 57 58 59 62 65 66 67 71 72 75 76 77 79 80 81 84 85 86 88 89 90 91 93 94 95 102 103 104 106 108 109 110 113 114 116 119 
0 1 2 5 6 7 8 9 10 11 16 17 18 20 21 22 23 24 30 32 34 35 37 39 42 44 48 49 51 52 53 61 62 64 65 67 68 69 79 80 82 83 84 85 86 89 90 91 95 97 99 101 102 103 105 107 110 112 113 118 119 
0 1 2 3 4 7 8 9 10 11 13 14 16 20 21 23 24 25 26 28 29 30 31 32 33 38 39 40 42 44 46 47 48 49 51 53 54 55 56 57 61 62 64 66 69 71 73 74 75 77 78 79 81 83 84 85 86 88 89 92 93 97 98 99 100 101 103 104 105 107 109 113 115 116 117 118 
